# Parameters
$ K = 3
$ N = 12
$ M = 12
$ Gamma = 2

# Q_basis
$ g1 = 0
$ g2 = 0
0 0 0 0 0 0 0 0 0 0 0 0 
0 0 0 0 0 0 0 0 0 0 0 0 
0 0 0 0 0 0 0 0 0 0 0 0 
0 0 0 0 0 0 0 0 0 0 0 0 
0 0 0 0 0 0 0 0 0 0 0 0 
0 0 0 0 0 0 0 0 0 0 0 0 
0 0 0 0 0 0 0 0 0 0 0 0 
0 0 0 0 0 0 0 0 0 0 0 0 
0 0 0 0 0 0 0 0 0 0 0 0 
0 0 0 0 0 0 0 0 0 0 0 0 
0 0 0 0 0 0 0 0 0 0 0 0 
0 0 0 0 0 0 0 0 0 0 0 0 

# Q_basis
$ g1 = 0
$ g2 = 1
0 0 0 0 0 0 0 0 0 0 0 0 
0 0 0 0 0 0 0 0 0 0 0 0 
0 0 0 0 0 0 0 0 0 0 0 0 
0 0 0 0 0 0 0 0 0 0 0 0 
0 0 0 0 0 0 0 0 0 0 0 0 
0 0 0 0 0 0 0 0 0 0 0 0 
0 0 0 0 0 0 0 0 0 0 0 0 
0 0 0 0 0 0 0 0 0 0 0 0 
0 0 0 0 0 0 0 0 0 0 0 0 
0 0 0 0 0 0 0 0 0 0 0 0 
0 0 0 0 0 0 0 0 0 0 0 0 
0 0 0 0 0 0 0 0 0 0 0 0 

# Q_basis
$ g1 = 0
$ g2 = 2
0 0 0 0 0 0 0 0 0 0 0 0 
0 0 0 0 0 0 0 0 0 0 0 0 
0 0 0 0 0 0 0 0 0 0 0 0 
0 0 0 0 0 0 0 0 0 0 0 0 
0 0 0 0 0 0 0 0 0 0 0 0 
0 0 0 0 0 0 0 0 0 0 0 0 
0 0 0 0 0 0 0 0 0 0 0 0 
0 0 0 0 0 0 0 0 0 0 0 0 
0 0 0 0 0 0 0 0 0 0 0 0 
0 0 0 0 0 0 0 0 0 0 0 0 
0 0 0 0 0 0 0 0 0 0 0 0 
0 0 0 0 0 0 0 0 0 0 0 0 

# Q_basis
$ g1 = 0
$ g2 = 3
0 0 0 0 0 0 0 0 0 0 0 0 
0 0 0 0 0 0 0 0 0 0 0 0 
0 0 0 0 0 0 0 0 0 0 0 0 
0 0 0 0 0 0 0 0 0 0 0 0 
0 0 0 0 0 0 0 0 0 0 0 0 
0 0 0 0 0 0 0 0 0 0 0 0 
0 0 0 0 0 0 0 0 0 0 0 0 
0 0 0 0 0 0 0 0 0 0 0 0 
0 0 0 0 0 0 0 0 0 0 0 0 
0 0 0 0 0 0 0 0 0 0 0 0 
0 0 0 0 0 0 0 0 0 0 0 0 
0 0 0 0 0 0 0 0 0 0 0 0 

# Q_basis
$ g1 = 0
$ g2 = 4
0 0 0 0 0 0 0 0 0 0 0 0 
0 0 0 0 0 0 0 0 0 0 0 0 
0 0 0 0 0 0 0 0 0 0 0 0 
0 0 0 0 0 0 0 0 0 0 0 0 
0 0 0 0 0 0 0 0 0 0 0 0 
0 0 0 0 0 0 0 0 0 0 0 0 
0 0 0 0 0 0 0 0 0 0 0 0 
0 0 0 0 0 0 0 0 0 0 0 0 
0 0 0 0 0 0 0 0 0 0 0 0 
0 0 0 0 0 0 0 0 0 0 0 0 
0 0 0 0 0 0 0 0 0 0 0 0 
0 0 0 0 0 0 0 0 0 0 0 0 

# Q_basis
$ g1 = 0
$ g2 = 5
0 0 0 0 0 0 0 0 0 0 0 0 
0 0 0 0 0 0 0 0 0 0 0 0 
0 0 0 0 0 0 0 0 0 0 0 0 
0 0 0 0 0 0 0 0 0 0 0 0 
0 0 0 0 0 0 0 0 0 0 0 0 
0 0 0 0 0 0 0 0 0 0 0 0 
0 0 0 0 0 0 0 0 0 0 0 0 
0 0 0 0 0 0 0 0 0 0 0 0 
0 0 0 0 0 0 0 0 0 0 0 0 
0 0 0 0 0 0 0 0 0 0 0 0 
0 0 0 0 0 0 0 0 0 0 0 0 
0 0 0 0 0 0 0 0 0 0 0 0 

# Q_basis
$ g1 = 0
$ g2 = 6
0 0 0 0 0 0 0 0 0 0 0 0 
0 0 0 0 0 0 0 0 0 0 0 0 
0 0 0 0 0 0 0 0 0 0 0 0 
0 0 0 0 0 0 0 0 0 0 0 0 
0 0 0 0 0 0 0 0 0 0 0 0 
0 0 0 0 0 0 0 0 0 0 0 0 
0 0 0 0 0 0 0 0 0 0 0 0 
0 0 0 0 0 0 0 0 0 0 0 0 
0 0 0 0 0 0 0 0 0 0 0 0 
0 0 0 0 0 0 0 0 0 0 0 0 
0 0 0 0 0 0 0 0 0 0 0 0 
0 0 0 0 0 0 0 0 0 0 0 0 

# Q_basis
$ g1 = 0
$ g2 = 7
0 0 0 0 0 0 0 0 0 0 0 0 
0 0 0 0 0 0 0 0 0 0 0 0 
0 0 0 0 0 0 0 0 0 0 0 0 
0 0 0 0 0 0 0 0 0 0 0 0 
0 0 0 0 0 0 0 0 0 0 0 0 
0 0 0 0 0 0 0 0 0 0 0 0 
0 0 0 0 0 0 0 0 0 0 0 0 
0 0 0 0 0 0 0 0 0 0 0 0 
0 0 0 0 0 0 0 0 0 0 0 0 
0 0 0 0 0 0 0 0 0 0 0 0 
0 0 0 0 0 0 0 0 0 0 0 0 
0 0 0 0 0 0 0 0 0 0 0 0 

# Q_basis
$ g1 = 0
$ g2 = 8
0 0 0 0 0 0 0 0 0 0 0 0 
0 0 0 0 0 0 0 0 0 0 0 0 
0 0 0 0 0 0 0 0 0 0 0 0 
0 0 0 0 0 0 0 0 0 0 0 0 
0 0 0 0 0 0 0 0 0 0 0 0 
0 0 0 0 0 0 0 0 0 0 0 0 
0 0 0 0 0 0 0 0 0 0 0 0 
0 0 0 0 0 0 0 0 0 0 0 0 
0 0 0 0 0 0 0 0 0 0 0 0 
0 0 0 0 0 0 0 0 0 0 0 0 
0 0 0 0 0 0 0 0 0 0 0 0 
0 0 0 0 0 0 0 0 0 0 0 0 

# Q_basis
$ g1 = 0
$ g2 = 9
0 0 0 0 0 0 0 0 0 0 0 0 
0 0 0 0 0 0 0 0 0 0 0 0 
0 0 0 0 0 0 0 0 0 0 0 0 
0 0 0 0 0 0 0 0 0 0 0 0 
0 0 0 0 0 0 0 0 0 0 0 0 
0 0 0 0 0 0 0 0 0 0 0 0 
0 0 0 0 0 0 0 0 0 0 0 0 
0 0 0 0 0 0 0 0 0 0 0 0 
0 0 0 0 0 0 0 0 0 0 0 0 
0 0 0 0 0 0 0 0 0 0 0 0 
0 0 0 0 0 0 0 0 0 0 0 0 
0 0 0 0 0 0 0 0 0 0 0 0 

# Q_basis
$ g1 = 1
$ g2 = 0
0 0 0 0 0 0 0 0 0 0 0 0 
0 0 0 0 0 0 0 0 0 0 0 0 
0 0 0 0 0 0 0 0 0 0 0 0 
0 0 0 0 0 0 0 0 0 0 0 0 
0 0 0 0 0 0 0 0 0 0 0 0 
0 0 0 0 0 0 0 0 0 0 0 0 
0 0 0 0 0 0 0 0 0 0 0 0 
0 0 0 0 0 0 0 0 0 0 0 0 
0 0 0 0 0 0 0 0 0 0 0 0 
0 0 0 0 0 0 0 0 0 0 0 0 
0 0 0 0 0 0 0 0 0 0 0 0 
0 0 0 0 0 0 0 0 0 0 0 0 

# Q_basis
$ g1 = 1
$ g2 = 1
1.4250334172413545e+01 0 0 0 0 0 0 0 0 0 0 0 
0 1.1813224526013855e+01 0 0 0 0 0 0 0 0 0 0 
0 0 1.7311549938831742e+01 0 0 0 0 0 0 0 0 0 
0 0 0 7.2164653510946994e+00 0 0 0 0 0 0 0 0 
0 0 0 0 1.8631736885954545e+01 0 0 0 0 0 0 0 
0 0 0 0 0 2.1042558298851425e+01 0 0 0 0 0 0 
0 0 0 0 0 0 2.7574379717282877e+01 0 0 0 0 0 
0 0 0 0 0 0 0 1.6354380388730604e+01 0 0 0 0 
0 0 0 0 0 0 0 0 1.3533272778898182e+01 0 0 0 
0 0 0 0 0 0 0 0 0 5.9900443860821158e+00 0 0 
0 0 0 0 0 0 0 0 0 0 2.0762771233523090e+01 0 
0 0 0 0 0 0 0 0 0 0 0 1.3445313219798919e+01 

# Q_basis
$ g1 = 1
$ g2 = 2
0 0 0 0 0 0 0 0 0 0 0 0 
0 0 0 0 0 0 0 0 0 0 0 0 
0 0 0 0 0 0 0 0 0 0 0 0 
0 0 0 0 0 0 0 0 0 0 0 0 
0 0 0 0 0 0 0 0 0 0 0 0 
0 0 0 0 0 0 0 0 0 0 0 0 
0 0 0 0 0 0 0 0 0 0 0 0 
0 0 0 0 0 0 0 0 0 0 0 0 
0 0 0 0 0 0 0 0 0 0 0 0 
0 0 0 0 0 0 0 0 0 0 0 0 
0 0 0 0 0 0 0 0 0 0 0 0 
0 0 0 0 0 0 0 0 0 0 0 0 

# Q_basis
$ g1 = 1
$ g2 = 3
-2.7423611462345356e+01 0 0 0 0 0 0 0 0 0 0 0 
0 -4.1084708156887672e+01 0 0 0 0 0 0 0 0 0 0 
0 0 -2.1537001151817559e+01 0 0 0 0 0 0 0 0 0 
0 0 0 -9.2848953186586840e+00 0 0 0 0 0 0 0 0 
0 0 0 0 -3.4771687674560319e+01 0 0 0 0 0 0 0 
0 0 0 0 0 -4.0706498164506314e+01 0 0 0 0 0 0 
0 0 0 0 0 0 -4.1028806832373533e+01 0 0 0 0 0 
0 0 0 0 0 0 0 -3.3576592796313150e+01 0 0 0 0 
0 0 0 0 0 0 0 0 -1.3553396188898100e+01 0 0 0 
0 0 0 0 0 0 0 0 0 -1.3828140555564069e+01 0 0 
0 0 0 0 0 0 0 0 0 0 -4.4119521254110836e+01 0 
0 0 0 0 0 0 0 0 0 0 0 -4.0918382479947027e+01 

# Q_basis
$ g1 = 1
$ g2 = 4
0 0 0 0 0 0 0 0 0 0 0 0 
0 0 0 0 0 0 0 0 0 0 0 0 
0 0 0 0 0 0 0 0 0 0 0 0 
0 0 0 0 0 0 0 0 0 0 0 0 
0 0 0 0 0 0 0 0 0 0 0 0 
0 0 0 0 0 0 0 0 0 0 0 0 
0 0 0 0 0 0 0 0 0 0 0 0 
0 0 0 0 0 0 0 0 0 0 0 0 
0 0 0 0 0 0 0 0 0 0 0 0 
0 0 0 0 0 0 0 0 0 0 0 0 
0 0 0 0 0 0 0 0 0 0 0 0 
0 0 0 0 0 0 0 0 0 0 0 0 

# Q_basis
$ g1 = 1
$ g2 = 5
0 5.9527140060935082e+00 0 0 6.3780663185892710e+00 0 0 0 0 0 0 0 
5.9527140060935082e+00 0 8.4846009100988695e+00 0 0 4.1965387565757526e+00 0 0 0 0 0 0 
0 8.4846009100988695e+00 0 2.0233262819114421e+00 0 0 1.3112413525776603e+01 0 0 0 0 0 
0 0 2.0233262819114421e+00 0 0 0 0 1.0031796316334276e+01 0 0 0 0 
6.3780663185892710e+00 0 0 0 0 1.0824775544328478e+01 0 0 1.1250373069180975e+01 0 0 0 
0 4.1965387565757526e+00 0 0 1.0824775544328478e+01 0 7.0467663346087548e+00 0 0 5.9591993222174970e+00 0 0 
0 0 1.3112413525776603e+01 0 0 7.0467663346087548e+00 0 7.6011667171986810e+00 0 0 1.2047281133539645e+01 0 
0 0 0 1.0031796316334276e+01 0 0 7.6011667171986810e+00 0 0 0 0 6.3224257087005746e+00 
0 0 0 0 1.1250373069180975e+01 0 0 0 0 1.5535276432199474e+00 0 0 
0 0 0 0 0 5.9591993222174970e+00 0 0 1.5535276432199474e+00 0 6.9719639876738384e+00 0 
0 0 0 0 0 0 1.2047281133539645e+01 0 0 6.9719639876738384e+00 0 6.9637933923200368e+00 
0 0 0 0 0 0 0 6.3224257087005746e+00 0 0 6.9637933923200368e+00 0 

# Q_basis
$ g1 = 1
$ g2 = 6
1.5301392127499121e+03 0 0 0 0 0 0 0 0 0 0 0 
0 1.2836485187286132e+03 0 0 0 0 0 0 0 0 0 0 
0 0 1.8621609511830291e+03 0 0 0 0 0 0 0 0 0 
0 0 0 7.0303430124842134e+02 0 0 0 0 0 0 0 0 
0 0 0 0 2.0273229809087434e+03 0 0 0 0 0 0 0 
0 0 0 0 0 2.5766634848019016e+03 0 0 0 0 0 0 
0 0 0 0 0 0 3.1043861455425554e+03 0 0 0 0 0 
0 0 0 0 0 0 0 1.7842873794741984e+03 0 0 0 0 
0 0 0 0 0 0 0 0 1.4336612311687163e+03 0 0 0 
0 0 0 0 0 0 0 0 0 7.0689193289368450e+02 0 0 
0 0 0 0 0 0 0 0 0 0 2.3194098196549262e+03 0 
0 0 0 0 0 0 0 0 0 0 0 1.3582860209616420e+03 

# Q_basis
$ g1 = 1
$ g2 = 7
0 0 0 0 0 0 0 0 0 0 0 0 
0 0 0 0 0 0 0 0 0 0 0 0 
0 0 0 0 0 0 0 0 0 0 0 0 
0 0 0 0 0 0 0 0 0 0 0 0 
0 0 0 0 0 0 0 0 0 0 0 0 
0 0 0 0 0 0 0 0 0 0 0 0 
0 0 0 0 0 0 0 0 0 0 0 0 
0 0 0 0 0 0 0 0 0 0 0 0 
0 0 0 0 0 0 0 0 0 0 0 0 
0 0 0 0 0 0 0 0 0 0 0 0 
0 0 0 0 0 0 0 0 0 0 0 0 
0 0 0 0 0 0 0 0 0 0 0 0 

# Q_basis
$ g1 = 1
$ g2 = 8
4.7499704511172729e+02 0 0 0 0 0 0 0 0 0 0 0 
0 3.8602035961229166e+02 0 0 0 0 0 0 0 0 0 0 
0 0 5.5759048663056774e+02 0 0 0 0 0 0 0 0 0 
0 0 0 2.3226847361528334e+02 0 0 0 0 0 0 0 0 
0 0 0 0 5.9792575540430846e+02 0 0 0 0 0 0 0 
0 0 0 0 0 6.8795252272881999e+02 0 0 0 0 0 0 
0 0 0 0 0 0 8.8446553258527615e+02 0 0 0 0 0 
0 0 0 0 0 0 0 5.3125046576220234e+02 0 0 0 0 
0 0 0 0 0 0 0 0 4.4400823169078797e+02 0 0 0 
0 0 0 0 0 0 0 0 0 1.9284478580859351e+02 0 0 
0 0 0 0 0 0 0 0 0 0 6.7565426156892477e+02 0 
0 0 0 0 0 0 0 0 0 0 0 4.4608221381654323e+02 

# Q_basis
$ g1 = 1
$ g2 = 9
0 0 0 0 0 0 0 0 0 0 0 0 
0 0 0 0 0 0 0 0 0 0 0 0 
0 0 0 0 0 0 0 0 0 0 0 0 
0 0 0 0 0 0 0 0 0 0 0 0 
0 0 0 0 0 0 0 0 0 0 0 0 
0 0 0 0 0 0 0 0 0 0 0 0 
0 0 0 0 0 0 0 0 0 0 0 0 
0 0 0 0 0 0 0 0 0 0 0 0 
0 0 0 0 0 0 0 0 0 0 0 0 
0 0 0 0 0 0 0 0 0 0 0 0 
0 0 0 0 0 0 0 0 0 0 0 0 
0 0 0 0 0 0 0 0 0 0 0 0 

# Q_basis
$ g1 = 2
$ g2 = 0
0 0 0 0 0 0 0 0 0 0 0 0 
0 0 0 0 0 0 0 0 0 0 0 0 
0 0 0 0 0 0 0 0 0 0 0 0 
0 0 0 0 0 0 0 0 0 0 0 0 
0 0 0 0 0 0 0 0 0 0 0 0 
0 0 0 0 0 0 0 0 0 0 0 0 
0 0 0 0 0 0 0 0 0 0 0 0 
0 0 0 0 0 0 0 0 0 0 0 0 
0 0 0 0 0 0 0 0 0 0 0 0 
0 0 0 0 0 0 0 0 0 0 0 0 
0 0 0 0 0 0 0 0 0 0 0 0 
0 0 0 0 0 0 0 0 0 0 0 0 

# Q_basis
$ g1 = 2
$ g2 = 1
0 0 0 0 0 0 0 0 0 0 0 0 
0 0 0 0 0 0 0 0 0 0 0 0 
0 0 0 0 0 0 0 0 0 0 0 0 
0 0 0 0 0 0 0 0 0 0 0 0 
0 0 0 0 0 0 0 0 0 0 0 0 
0 0 0 0 0 0 0 0 0 0 0 0 
0 0 0 0 0 0 0 0 0 0 0 0 
0 0 0 0 0 0 0 0 0 0 0 0 
0 0 0 0 0 0 0 0 0 0 0 0 
0 0 0 0 0 0 0 0 0 0 0 0 
0 0 0 0 0 0 0 0 0 0 0 0 
0 0 0 0 0 0 0 0 0 0 0 0 

# Q_basis
$ g1 = 2
$ g2 = 2
4.0000000000000000e+00 0 0 0 0 0 0 0 0 0 0 0 
0 4.0000000000000000e+00 0 0 0 0 0 0 0 0 0 0 
0 0 4.0000000000000000e+00 0 0 0 0 0 0 0 0 0 
0 0 0 4.0000000000000000e+00 0 0 0 0 0 0 0 0 
0 0 0 0 4.0000000000000000e+00 0 0 0 0 0 0 0 
0 0 0 0 0 4.0000000000000000e+00 0 0 0 0 0 0 
0 0 0 0 0 0 4.0000000000000000e+00 0 0 0 0 0 
0 0 0 0 0 0 0 4.0000000000000000e+00 0 0 0 0 
0 0 0 0 0 0 0 0 4.0000000000000000e+00 0 0 0 
0 0 0 0 0 0 0 0 0 4.0000000000000000e+00 0 0 
0 0 0 0 0 0 0 0 0 0 4.0000000000000000e+00 0 
0 0 0 0 0 0 0 0 0 0 0 4.0000000000000000e+00 

# Q_basis
$ g1 = 2
$ g2 = 3
0 0 0 0 0 0 0 0 0 0 0 0 
0 0 0 0 0 0 0 0 0 0 0 0 
0 0 0 0 0 0 0 0 0 0 0 0 
0 0 0 0 0 0 0 0 0 0 0 0 
0 0 0 0 0 0 0 0 0 0 0 0 
0 0 0 0 0 0 0 0 0 0 0 0 
0 0 0 0 0 0 0 0 0 0 0 0 
0 0 0 0 0 0 0 0 0 0 0 0 
0 0 0 0 0 0 0 0 0 0 0 0 
0 0 0 0 0 0 0 0 0 0 0 0 
0 0 0 0 0 0 0 0 0 0 0 0 
0 0 0 0 0 0 0 0 0 0 0 0 

# Q_basis
$ g1 = 2
$ g2 = 4
0 0 0 0 0 0 0 0 0 0 0 0 
0 0 0 0 0 0 0 0 0 0 0 0 
0 0 0 0 0 0 0 0 0 0 0 0 
0 0 0 0 0 0 0 0 0 0 0 0 
0 0 0 0 0 0 0 0 0 0 0 0 
0 0 0 0 0 0 0 0 0 0 0 0 
0 0 0 0 0 0 0 0 0 0 0 0 
0 0 0 0 0 0 0 0 0 0 0 0 
0 0 0 0 0 0 0 0 0 0 0 0 
0 0 0 0 0 0 0 0 0 0 0 0 
0 0 0 0 0 0 0 0 0 0 0 0 
0 0 0 0 0 0 0 0 0 0 0 0 

# Q_basis
$ g1 = 2
$ g2 = 5
0 0 0 0 0 0 0 0 0 0 0 0 
0 0 0 0 0 0 0 0 0 0 0 0 
0 0 0 0 0 0 0 0 0 0 0 0 
0 0 0 0 0 0 0 0 0 0 0 0 
0 0 0 0 0 0 0 0 0 0 0 0 
0 0 0 0 0 0 0 0 0 0 0 0 
0 0 0 0 0 0 0 0 0 0 0 0 
0 0 0 0 0 0 0 0 0 0 0 0 
0 0 0 0 0 0 0 0 0 0 0 0 
0 0 0 0 0 0 0 0 0 0 0 0 
0 0 0 0 0 0 0 0 0 0 0 0 
0 0 0 0 0 0 0 0 0 0 0 0 

# Q_basis
$ g1 = 2
$ g2 = 6
0 0 0 0 0 0 0 0 0 0 0 0 
0 0 0 0 0 0 0 0 0 0 0 0 
0 0 0 0 0 0 0 0 0 0 0 0 
0 0 0 0 0 0 0 0 0 0 0 0 
0 0 0 0 0 0 0 0 0 0 0 0 
0 0 0 0 0 0 0 0 0 0 0 0 
0 0 0 0 0 0 0 0 0 0 0 0 
0 0 0 0 0 0 0 0 0 0 0 0 
0 0 0 0 0 0 0 0 0 0 0 0 
0 0 0 0 0 0 0 0 0 0 0 0 
0 0 0 0 0 0 0 0 0 0 0 0 
0 0 0 0 0 0 0 0 0 0 0 0 

# Q_basis
$ g1 = 2
$ g2 = 7
3.2645873721346743e+02 0 0 0 0 0 0 0 0 0 0 0 
0 3.3133295650626684e+02 0 0 0 0 0 0 0 0 0 0 
0 0 3.2033630568063103e+02 0 0 0 0 0 0 0 0 0 
0 0 0 3.4052647485610510e+02 0 0 0 0 0 0 0 0 
0 0 0 0 3.1769593178638536e+02 0 0 0 0 0 0 0 
0 0 0 0 0 3.1287428896059168e+02 0 0 0 0 0 0 
0 0 0 0 0 0 2.9981064612372876e+02 0 0 0 0 0 
0 0 0 0 0 0 0 3.2225064478083328e+02 0 0 0 0 
0 0 0 0 0 0 0 0 3.2789286000049822e+02 0 0 0 
0 0 0 0 0 0 0 0 0 3.4297931678613025e+02 0 0 
0 0 0 0 0 0 0 0 0 0 3.1343386309124827e+02 0 
0 0 0 0 0 0 0 0 0 0 0 3.2806877911869668e+02 

# Q_basis
$ g1 = 2
$ g2 = 8
0 0 0 0 0 0 0 0 0 0 0 0 
0 0 0 0 0 0 0 0 0 0 0 0 
0 0 0 0 0 0 0 0 0 0 0 0 
0 0 0 0 0 0 0 0 0 0 0 0 
0 0 0 0 0 0 0 0 0 0 0 0 
0 0 0 0 0 0 0 0 0 0 0 0 
0 0 0 0 0 0 0 0 0 0 0 0 
0 0 0 0 0 0 0 0 0 0 0 0 
0 0 0 0 0 0 0 0 0 0 0 0 
0 0 0 0 0 0 0 0 0 0 0 0 
0 0 0 0 0 0 0 0 0 0 0 0 
0 0 0 0 0 0 0 0 0 0 0 0 

# Q_basis
$ g1 = 2
$ g2 = 9
1.3600000000000000e+02 0 0 0 0 0 0 0 0 0 0 0 
0 1.3600000000000000e+02 0 0 0 0 0 0 0 0 0 0 
0 0 1.3600000000000000e+02 0 0 0 0 0 0 0 0 0 
0 0 0 1.3600000000000000e+02 0 0 0 0 0 0 0 0 
0 0 0 0 1.3600000000000000e+02 0 0 0 0 0 0 0 
0 0 0 0 0 1.3600000000000000e+02 0 0 0 0 0 0 
0 0 0 0 0 0 1.3600000000000000e+02 0 0 0 0 0 
0 0 0 0 0 0 0 1.3600000000000000e+02 0 0 0 0 
0 0 0 0 0 0 0 0 1.3600000000000000e+02 0 0 0 
0 0 0 0 0 0 0 0 0 1.3600000000000000e+02 0 0 
0 0 0 0 0 0 0 0 0 0 1.3600000000000000e+02 0 
0 0 0 0 0 0 0 0 0 0 0 1.3600000000000000e+02 

# Q_basis
$ g1 = 3
$ g2 = 0
0 0 0 0 0 0 0 0 0 0 0 0 
0 0 0 0 0 0 0 0 0 0 0 0 
0 0 0 0 0 0 0 0 0 0 0 0 
0 0 0 0 0 0 0 0 0 0 0 0 
0 0 0 0 0 0 0 0 0 0 0 0 
0 0 0 0 0 0 0 0 0 0 0 0 
0 0 0 0 0 0 0 0 0 0 0 0 
0 0 0 0 0 0 0 0 0 0 0 0 
0 0 0 0 0 0 0 0 0 0 0 0 
0 0 0 0 0 0 0 0 0 0 0 0 
0 0 0 0 0 0 0 0 0 0 0 0 
0 0 0 0 0 0 0 0 0 0 0 0 

# Q_basis
$ g1 = 3
$ g2 = 1
-2.7423611462345356e+01 0 0 0 0 0 0 0 0 0 0 0 
0 -4.1084708156887672e+01 0 0 0 0 0 0 0 0 0 0 
0 0 -2.1537001151817559e+01 0 0 0 0 0 0 0 0 0 
0 0 0 -9.2848953186586840e+00 0 0 0 0 0 0 0 0 
0 0 0 0 -3.4771687674560319e+01 0 0 0 0 0 0 0 
0 0 0 0 0 -4.0706498164506314e+01 0 0 0 0 0 0 
0 0 0 0 0 0 -4.1028806832373533e+01 0 0 0 0 0 
0 0 0 0 0 0 0 -3.3576592796313150e+01 0 0 0 0 
0 0 0 0 0 0 0 0 -1.3553396188898100e+01 0 0 0 
0 0 0 0 0 0 0 0 0 -1.3828140555564069e+01 0 0 
0 0 0 0 0 0 0 0 0 0 -4.4119521254110836e+01 0 
0 0 0 0 0 0 0 0 0 0 0 -4.0918382479947027e+01 

# Q_basis
$ g1 = 3
$ g2 = 2
0 0 0 0 0 0 0 0 0 0 0 0 
0 0 0 0 0 0 0 0 0 0 0 0 
0 0 0 0 0 0 0 0 0 0 0 0 
0 0 0 0 0 0 0 0 0 0 0 0 
0 0 0 0 0 0 0 0 0 0 0 0 
0 0 0 0 0 0 0 0 0 0 0 0 
0 0 0 0 0 0 0 0 0 0 0 0 
0 0 0 0 0 0 0 0 0 0 0 0 
0 0 0 0 0 0 0 0 0 0 0 0 
0 0 0 0 0 0 0 0 0 0 0 0 
0 0 0 0 0 0 0 0 0 0 0 0 
0 0 0 0 0 0 0 0 0 0 0 0 

# Q_basis
$ g1 = 3
$ g2 = 3
1.9047731887214820e+03 0 0 0 0 0 0 0 0 0 0 0 
0 1.6002114159876598e+03 0 0 0 0 0 0 0 0 0 0 
0 0 2.2758997572333410e+03 0 0 0 0 0 0 0 0 0 
0 0 0 9.1201977618691330e+02 0 0 0 0 0 0 0 0 
0 0 0 0 2.4382274917348022e+03 0 0 0 0 0 0 0 
0 0 0 0 0 3.0745120697261468e+03 0 0 0 0 0 0 
0 0 0 0 0 0 3.5265145944975552e+03 0 0 0 0 0 
0 0 0 0 0 0 0 2.1612417932032740e+03 0 0 0 0 
0 0 0 0 0 0 0 0 1.7900932948877685e+03 0 0 0 
0 0 0 0 0 0 0 0 0 9.1631984852930225e+02 0 0 
0 0 0 0 0 0 0 0 0 0 2.7496643217519672e+03 0 
0 0 0 0 0 0 0 0 0 0 0 1.6823332565397388e+03 

# Q_basis
$ g1 = 3
$ g2 = 4
0 0 0 0 0 0 0 0 0 0 0 0 
0 0 0 0 0 0 0 0 0 0 0 0 
0 0 0 0 0 0 0 0 0 0 0 0 
0 0 0 0 0 0 0 0 0 0 0 0 
0 0 0 0 0 0 0 0 0 0 0 0 
0 0 0 0 0 0 0 0 0 0 0 0 
0 0 0 0 0 0 0 0 0 0 0 0 
0 0 0 0 0 0 0 0 0 0 0 0 
0 0 0 0 0 0 0 0 0 0 0 0 
0 0 0 0 0 0 0 0 0 0 0 0 
0 0 0 0 0 0 0 0 0 0 0 0 
0 0 0 0 0 0 0 0 0 0 0 0 

# Q_basis
$ g1 = 3
$ g2 = 5
0 -2.4644445388997596e+01 -2.9209418741992557e+01 -1.0093909998501239e+01 -1.1396488030771625e+01 -5.6793519541057847e+01 -1.2584719127275781e+01 -2.4510210953208674e+01 -4.6767863439064328e+01 -9.3995884041556046e+00 -2.9224139033541050e+01 -3.4675382663597460e+01 
-2.4644445388997596e+01 0 -1.0762319247487326e+01 -1.0842769394448222e+01 -2.8244717759973611e+01 -2.1604076976899147e+01 -4.3373942019338720e+01 -1.5907230841662393e+01 -1.8710115373650236e+01 -1.2352375460746785e+01 -1.8966590154725552e+01 -2.2504470386070402e+01 
-2.9209418741992557e+01 -1.0762319247487326e+01 0 -4.4080473366129702e+00 -4.9768879173921325e+00 -4.6538524810780629e+01 -5.4957927739842329e+00 -4.0695508183431031e+01 -1.2589710763603101e+01 -4.1048345622606535e+00 -5.2254521197869785e+01 -1.5142866165737745e+01 
-1.0093909998501239e+01 -1.0842769394448222e+01 -4.4080473366129702e+00 0 -3.0294162601245969e+00 -8.8486312093218746e+00 -2.9041283833957138e+01 -6.5153081721533628e+00 -7.6633179469932307e+00 -2.4986000839154672e+00 -7.7683652838756956e+00 -2.5073737465952124e+01 
-1.1396488030771625e+01 -2.8244717759973611e+01 -4.9768879173921325e+00 -3.0294162601245969e+00 0 -9.9905110785337286e+00 -2.2846881761525250e+01 -7.3560821932986684e+00 -8.6522379605002797e+00 -2.3317224424272055e+01 -8.7708412289684148e+00 -1.0406885744249962e+01 
-5.6793519541057847e+01 -2.1604076976899147e+01 -4.6538524810780629e+01 -8.8486312093218746e+00 -9.9905110785337286e+00 0 -1.1032150915422962e+01 -3.4877314383487935e+01 -5.8032484327738104e+01 -8.2399675963170882e+00 -5.7229201487674914e+01 -3.0397504364299444e+01 
-1.2584719127275781e+01 -4.3373942019338720e+01 -5.4957927739842329e+00 -2.9041283833957138e+01 -2.2846881761525250e+01 -1.1032150915422962e+01 0 -8.1230487874737491e+00 -9.5543455370853483e+00 -3.4611737370897188e+01 -9.6853147284027301e+00 -4.4480085174273782e+01 
-2.4510210953208674e+01 -1.5907230841662393e+01 -4.0695508183431031e+01 -6.5153081721533628e+00 -7.3560821932986684e+00 -3.4877314383487935e+01 -8.1230487874737491e+00 0 -1.8608204304397734e+01 -6.0671449570648237e+00 -5.2763646797163425e+01 -2.2381892059095701e+01 
-4.6767863439064328e+01 -1.8710115373650236e+01 -1.2589710763603101e+01 -7.6633179469932307e+00 -8.6522379605002797e+00 -5.8032484327738104e+01 -9.5543455370853483e+00 -1.8608204304397734e+01 0 -7.1361875153048269e+00 -2.4894813228089042e+01 -2.6325624294674729e+01 
-9.3995884041556046e+00 -1.2352375460746785e+01 -4.1048345622606535e+00 -2.4986000839154672e+00 -2.3317224424272055e+01 -8.2399675963170882e+00 -3.4611737370897188e+01 -6.0671449570648237e+00 -7.1361875153048269e+00 0 -7.2340090462868210e+00 -2.0721214024797337e+01 
-2.9224139033541050e+01 -1.8966590154725552e+01 -5.2254521197869785e+01 -7.7683652838756956e+00 -8.7708412289684148e+00 -5.7229201487674914e+01 -9.6853147284027301e+00 -5.2763646797163425e+01 -2.4894813228089042e+01 -7.2340090462868210e+00 0 -2.6686491055397994e+01 
-3.4675382663597460e+01 -2.2504470386070402e+01 -1.5142866165737745e+01 -2.5073737465952124e+01 -1.0406885744249962e+01 -3.0397504364299444e+01 -4.4480085174273782e+01 -2.2381892059095701e+01 -2.6325624294674729e+01 -2.0721214024797337e+01 -2.6686491055397994e+01 0 

# Q_basis
$ g1 = 3
$ g2 = 6
-1.3392596206362137e+04 0 0 0 0 0 0 0 0 0 0 0 
0 -1.8522905428169055e+04 0 0 0 0 0 0 0 0 0 0 
0 0 -1.6186831540612904e+04 0 0 0 0 0 0 0 0 0 
0 0 0 -6.3133443579361465e+03 0 0 0 0 0 0 0 0 
0 0 0 0 -1.7505569464296164e+04 0 0 0 0 0 0 0 
0 0 0 0 0 -2.3044682956540611e+04 0 0 0 0 0 0 
0 0 0 0 0 0 -2.7505918180156230e+04 0 0 0 0 0 
0 0 0 0 0 0 0 -1.7498392910836003e+04 0 0 0 0 
0 0 0 0 0 0 0 0 -9.8242071629997718e+03 0 0 0 
0 0 0 0 0 0 0 0 0 -8.1198452996912274e+03 0 0 
0 0 0 0 0 0 0 0 0 0 -2.2746114295127256e+04 0 
0 0 0 0 0 0 0 0 0 0 0 -1.7835100308829686e+04 

# Q_basis
$ g1 = 3
$ g2 = 7
0 0 0 0 0 0 0 0 0 0 0 0 
0 0 0 0 0 0 0 0 0 0 0 0 
0 0 0 0 0 0 0 0 0 0 0 0 
0 0 0 0 0 0 0 0 0 0 0 0 
0 0 0 0 0 0 0 0 0 0 0 0 
0 0 0 0 0 0 0 0 0 0 0 0 
0 0 0 0 0 0 0 0 0 0 0 0 
0 0 0 0 0 0 0 0 0 0 0 0 
0 0 0 0 0 0 0 0 0 0 0 0 
0 0 0 0 0 0 0 0 0 0 0 0 
0 0 0 0 0 0 0 0 0 0 0 0 
0 0 0 0 0 0 0 0 0 0 0 0 

# Q_basis
$ g1 = 3
$ g2 = 8
-9.0497917825739671e+02 9.9353795610107193e+02 1.8387957306977171e+02 1.3623735699084824e+02 1.1403292306953954e+03 2.1142665933162451e+02 5.2286362581320054e+02 2.0915996401142039e+02 1.1601666592575803e+02 2.5093321295816878e+02 2.3529792589673656e+02 2.0955500162547807e+02 
9.9353795610107193e+02 -1.3557953691772927e+03 1.3338165445072184e+03 1.1849028331091482e+02 2.8257430422287717e+02 8.4273582468398422e+02 3.0397796671655482e+02 3.4036322630242961e+02 2.7053961213083846e+02 1.5577663268435779e+02 4.3317409739058110e+02 2.6066618163353127e+02 
1.8387957306977171e+02 1.3338165445072184e+03 -7.1072103800997968e+02 4.5673019389019868e+02 3.5629406719393887e+02 1.9053414128899382e+02 1.8487944253834032e+03 1.6364872156078852e+02 1.3571347647900791e+02 2.8457605229996574e+02 1.8896986810116644e+02 3.6804838107744422e+02 
1.3623735699084824e+02 1.1849028331091482e+02 4.5673019389019868e+02 -3.0640154551573659e+02 1.2384144237223427e+02 2.0354699128335693e+02 1.3345295739320773e+02 1.5788170321676018e+03 9.3791443302027545e+01 7.0487429422697801e+01 2.8385694936105261e+02 1.3142226904812887e+02 
1.1403292306953954e+03 2.8257430422287717e+02 3.5629406719393887e+02 1.2384144237223427e+02 -1.1474656932604903e+03 1.6347574260184504e+03 2.2665603342262739e+02 3.2554225755618359e+02 1.7699861484524540e+03 1.3633451124591070e+02 4.5885165525822555e+02 3.5773790852473553e+02 
2.1142665933162451e+02 8.4273582468398422e+02 1.9053414128899382e+02 2.0354699128335693e+02 1.6347574260184504e+03 -1.3433144394287081e+03 1.1438812806217761e+03 2.2672149360438743e+02 1.5271029626019009e+02 1.0200496859933542e+03 2.5797509656449478e+02 3.5934965692535161e+02 
5.2286362581320054e+02 3.0397796671655482e+02 1.8487944253834032e+03 1.3345295739320773e+02 2.2665603342262739e+02 1.1438812806217761e+03 -1.3539506254683265e+03 1.1984999606971860e+03 3.9851756039561377e+02 1.4747562268827795e+02 1.7097720384719328e+03 3.8369838372594711e+02 
2.0915996401142039e+02 3.4036322630242961e+02 1.6364872156078852e+02 1.5788170321676018e+03 3.2554225755618359e+02 2.2672149360438743e+02 1.1984999606971860e+03 -1.1080275622783336e+03 1.5304761311223362e+02 2.6536035402740094e+02 2.3111143046365009e+02 1.0396623143389104e+03 
1.1601666592575803e+02 2.7053961213083846e+02 1.3571347647900791e+02 9.3791443302027545e+01 1.7699861484524540e+03 1.5271029626019009e+02 3.9851756039561377e+02 1.5304761311223362e+02 -4.4726207423363718e+02 4.2499851463783301e+02 1.7178630247175766e+02 1.5803519920365699e+02 
2.5093321295816878e+02 1.5577663268435779e+02 2.8457605229996574e+02 7.0487429422697801e+01 1.3633451124591070e+02 1.0200496859933542e+03 1.4747562268827795e+02 2.6536035402740094e+02 4.2499851463783301e+02 -4.5632863833361409e+02 1.1434665280994193e+03 1.8631306676952244e+02 
2.3529792589673656e+02 4.3317409739058110e+02 1.8896986810116644e+02 2.8385694936105261e+02 4.5885165525822555e+02 2.5797509656449478e+02 1.7097720384719328e+03 2.3111143046365009e+02 1.7178630247175766e+02 1.1434665280994193e+03 -1.4559442013856574e+03 1.0836246057619535e+03 
2.0955500162547807e+02 2.6066618163353127e+02 3.6804838107744422e+02 1.3142226904812887e+02 3.5773790852473553e+02 3.5934965692535161e+02 3.8369838372594711e+02 1.0396623143389104e+03 1.5803519920365699e+02 1.8631306676952244e+02 1.0836246057619535e+03 -1.3503066218382514e+03 

# Q_basis
$ g1 = 3
$ g2 = 9
0 0 0 0 0 0 0 0 0 0 0 0 
0 0 0 0 0 0 0 0 0 0 0 0 
0 0 0 0 0 0 0 0 0 0 0 0 
0 0 0 0 0 0 0 0 0 0 0 0 
0 0 0 0 0 0 0 0 0 0 0 0 
0 0 0 0 0 0 0 0 0 0 0 0 
0 0 0 0 0 0 0 0 0 0 0 0 
0 0 0 0 0 0 0 0 0 0 0 0 
0 0 0 0 0 0 0 0 0 0 0 0 
0 0 0 0 0 0 0 0 0 0 0 0 
0 0 0 0 0 0 0 0 0 0 0 0 
0 0 0 0 0 0 0 0 0 0 0 0 

# Q_basis
$ g1 = 4
$ g2 = 0
0 0 0 0 0 0 0 0 0 0 0 0 
0 0 0 0 0 0 0 0 0 0 0 0 
0 0 0 0 0 0 0 0 0 0 0 0 
0 0 0 0 0 0 0 0 0 0 0 0 
0 0 0 0 0 0 0 0 0 0 0 0 
0 0 0 0 0 0 0 0 0 0 0 0 
0 0 0 0 0 0 0 0 0 0 0 0 
0 0 0 0 0 0 0 0 0 0 0 0 
0 0 0 0 0 0 0 0 0 0 0 0 
0 0 0 0 0 0 0 0 0 0 0 0 
0 0 0 0 0 0 0 0 0 0 0 0 
0 0 0 0 0 0 0 0 0 0 0 0 

# Q_basis
$ g1 = 4
$ g2 = 1
0 0 0 0 0 0 0 0 0 0 0 0 
0 0 0 0 0 0 0 0 0 0 0 0 
0 0 0 0 0 0 0 0 0 0 0 0 
0 0 0 0 0 0 0 0 0 0 0 0 
0 0 0 0 0 0 0 0 0 0 0 0 
0 0 0 0 0 0 0 0 0 0 0 0 
0 0 0 0 0 0 0 0 0 0 0 0 
0 0 0 0 0 0 0 0 0 0 0 0 
0 0 0 0 0 0 0 0 0 0 0 0 
0 0 0 0 0 0 0 0 0 0 0 0 
0 0 0 0 0 0 0 0 0 0 0 0 
0 0 0 0 0 0 0 0 0 0 0 0 

# Q_basis
$ g1 = 4
$ g2 = 2
0 0 0 0 0 0 0 0 0 0 0 0 
0 0 0 0 0 0 0 0 0 0 0 0 
0 0 0 0 0 0 0 0 0 0 0 0 
0 0 0 0 0 0 0 0 0 0 0 0 
0 0 0 0 0 0 0 0 0 0 0 0 
0 0 0 0 0 0 0 0 0 0 0 0 
0 0 0 0 0 0 0 0 0 0 0 0 
0 0 0 0 0 0 0 0 0 0 0 0 
0 0 0 0 0 0 0 0 0 0 0 0 
0 0 0 0 0 0 0 0 0 0 0 0 
0 0 0 0 0 0 0 0 0 0 0 0 
0 0 0 0 0 0 0 0 0 0 0 0 

# Q_basis
$ g1 = 4
$ g2 = 3
0 0 0 0 0 0 0 0 0 0 0 0 
0 0 0 0 0 0 0 0 0 0 0 0 
0 0 0 0 0 0 0 0 0 0 0 0 
0 0 0 0 0 0 0 0 0 0 0 0 
0 0 0 0 0 0 0 0 0 0 0 0 
0 0 0 0 0 0 0 0 0 0 0 0 
0 0 0 0 0 0 0 0 0 0 0 0 
0 0 0 0 0 0 0 0 0 0 0 0 
0 0 0 0 0 0 0 0 0 0 0 0 
0 0 0 0 0 0 0 0 0 0 0 0 
0 0 0 0 0 0 0 0 0 0 0 0 
0 0 0 0 0 0 0 0 0 0 0 0 

# Q_basis
$ g1 = 4
$ g2 = 4
1.0242639408069358e+03 4.9288890777995192e+01 5.8418837483985115e+01 2.0187819997002478e+01 2.2792976061543250e+01 1.1358703908211569e+02 2.5169438254551562e+01 4.9020421906417347e+01 9.3535726878128656e+01 1.8799176808311209e+01 5.8448278067082100e+01 6.9350765327194921e+01 
4.9288890777995192e+01 9.1454963990725537e+02 2.1524638494974653e+01 2.1685538788896444e+01 5.6489435519947236e+01 4.3208153953798295e+01 8.6747884038677441e+01 3.1814461683324787e+01 3.7420230747300472e+01 2.4704750921493570e+01 3.7933180309451103e+01 4.5008940772140804e+01 
5.8418837483985115e+01 2.1524638494974653e+01 1.1037367823849061e+03 8.8160946732259404e+00 9.9537758347842651e+00 9.3077049621561258e+01 1.0991585547968466e+01 8.1391016366862033e+01 2.5179421527206202e+01 8.2096691245213069e+00 1.0450904239573958e+02 3.0285732331475490e+01 
2.0187819997002478e+01 2.1685538788896444e+01 8.8160946732259404e+00 7.3575512481097439e+02 6.0588325202491937e+00 1.7697262418643749e+01 5.8082567667914276e+01 1.3030616344306726e+01 1.5326635893986461e+01 4.9972001678309343e+00 1.5536730567751391e+01 5.0147474931904249e+01 
2.2792976061543250e+01 5.6489435519947236e+01 9.9537758347842651e+00 6.0588325202491937e+00 1.1474420854129501e+03 1.9981022157067457e+01 4.5693763523050507e+01 1.4712164386597337e+01 1.7304475921000559e+01 4.6634448848544110e+01 1.7541682457936830e+01 2.0813771488499924e+01 
1.1358703908211569e+02 4.3208153953798295e+01 9.3077049621561258e+01 1.7697262418643749e+01 1.9981022157067457e+01 1.2599926205008592e+03 2.2064301830845924e+01 6.9754628766975870e+01 1.1606496865547621e+02 1.6479935192634176e+01 1.1445840297534983e+02 6.0795008728598887e+01 
2.5169438254551562e+01 8.6747884038677441e+01 1.0991585547968466e+01 5.8082567667914276e+01 4.5693763523050507e+01 2.2064301830845924e+01 1.4701276404976909e+03 1.6246097574947498e+01 1.9108691074170697e+01 6.9223474741794377e+01 1.9370629456805460e+01 8.8960170348547564e+01 
4.9020421906417347e+01 3.1814461683324787e+01 8.1391016366862033e+01 1.3030616344306726e+01 1.4712164386597337e+01 6.9754628766975870e+01 1.6246097574947498e+01 1.0778574880510075e+03 3.7216408608795469e+01 1.2134289914129647e+01 1.0552729359432685e+02 4.4763784118191403e+01 
9.3535726878128656e+01 3.7420230747300472e+01 2.5179421527206202e+01 1.5326635893986461e+01 1.7304475921000559e+01 1.1606496865547621e+02 1.9108691074170697e+01 3.7216408608795469e+01 9.8236403298348625e+02 1.4272375030609654e+01 4.9789626456178084e+01 5.2651248589349457e+01 
1.8799176808311209e+01 2.4704750921493570e+01 8.2096691245213069e+00 4.9972001678309343e+00 4.6634448848544110e+01 1.6479935192634176e+01 6.9223474741794377e+01 1.2134289914129647e+01 1.4272375030609654e+01 6.9124753621794764e+02 1.4468018092573642e+01 4.1442428049594675e+01 
5.8448278067082100e+01 3.7933180309451103e+01 1.0450904239573958e+02 1.5536730567751391e+01 1.7541682457936830e+01 1.1445840297534983e+02 1.9370629456805460e+01 1.0552729359432685e+02 4.9789626456178084e+01 1.4468018092573642e+01 1.2432301360102629e+03 5.3372982110795988e+01 
6.9350765327194921e+01 4.5008940772140804e+01 3.0285732331475490e+01 5.0147474931904249e+01 2.0813771488499924e+01 6.0795008728598887e+01 8.8960170348547564e+01 4.4763784118191403e+01 5.2651248589349457e+01 4.1442428049594675e+01 5.3372982110795988e+01 9.8897486488977688e+02 

# Q_basis
$ g1 = 4
$ g2 = 5
0 0 0 0 0 0 0 0 0 0 0 0 
0 0 0 0 0 0 0 0 0 0 0 0 
0 0 0 0 0 0 0 0 0 0 0 0 
0 0 0 0 0 0 0 0 0 0 0 0 
0 0 0 0 0 0 0 0 0 0 0 0 
0 0 0 0 0 0 0 0 0 0 0 0 
0 0 0 0 0 0 0 0 0 0 0 0 
0 0 0 0 0 0 0 0 0 0 0 0 
0 0 0 0 0 0 0 0 0 0 0 0 
0 0 0 0 0 0 0 0 0 0 0 0 
0 0 0 0 0 0 0 0 0 0 0 0 
0 0 0 0 0 0 0 0 0 0 0 0 

# Q_basis
$ g1 = 4
$ g2 = 6
0 0 0 0 0 0 0 0 0 0 0 0 
0 0 0 0 0 0 0 0 0 0 0 0 
0 0 0 0 0 0 0 0 0 0 0 0 
0 0 0 0 0 0 0 0 0 0 0 0 
0 0 0 0 0 0 0 0 0 0 0 0 
0 0 0 0 0 0 0 0 0 0 0 0 
0 0 0 0 0 0 0 0 0 0 0 0 
0 0 0 0 0 0 0 0 0 0 0 0 
0 0 0 0 0 0 0 0 0 0 0 0 
0 0 0 0 0 0 0 0 0 0 0 0 
0 0 0 0 0 0 0 0 0 0 0 0 
0 0 0 0 0 0 0 0 0 0 0 0 

# Q_basis
$ g1 = 4
$ g2 = 7
-3.0817009966662240e+03 -3.6439196175979674e+02 -3.6775914613954330e+02 -2.7247471398169654e+02 -6.8587343310920301e+02 -4.2285331866324907e+02 -1.0457272516264011e+03 -4.1831992802284083e+02 -2.3203333185151607e+02 -5.0186642591633762e+02 -4.7059585179347312e+02 -4.1911000325095614e+02 
-3.6439196175979674e+02 -3.8057391214769691e+03 -3.6813817870497917e+02 -2.3698056662182967e+02 -5.6514860844575435e+02 -6.5997648246235656e+02 -6.0795593343310952e+02 -6.8072645260485911e+02 -5.4107922426167704e+02 -3.1155326536871564e+02 -8.6634819478116231e+02 -5.2133236326706253e+02 
-3.6775914613954330e+02 -3.6813817870497917e+02 -2.7697106502082515e+03 -3.6688951823803291e+02 -7.1258813438787774e+02 -3.8106828257798765e+02 -5.3956241087563671e+02 -3.2729744312157698e+02 -2.7142695295801587e+02 -5.6915210459993159e+02 -3.7793973620233288e+02 -7.3609676215488844e+02 
-2.7247471398169654e+02 -2.3698056662182967e+02 -3.6688951823803291e+02 -2.1203490410508325e+03 -2.4768288474446851e+02 -4.0709398256671398e+02 -2.6690591478641551e+02 -1.7196402503249286e+02 -1.8758288660405509e+02 -1.4097485884539560e+02 -5.6771389872210523e+02 -2.6284453809625779e+02 
-6.8587343310920301e+02 -5.6514860844575435e+02 -7.1258813438787774e+02 -2.4768288474446851e+02 -3.4711490359136187e+03 -6.1318730998908268e+02 -4.5331206684525483e+02 -6.5108451511236706e+02 -4.5709336987078893e+02 -2.7266902249182147e+02 -9.1770331051645110e+02 -7.1547581704947117e+02 
-4.2285331866324907e+02 -6.5997648246235656e+02 -3.8106828257798765e+02 -4.0709398256671398e+02 -6.1318730998908268e+02 -3.7856939918807561e+03 -8.9803910877592693e+02 -4.5344298720877487e+02 -3.0542059252038007e+02 -4.3574400371282013e+02 -5.1595019312898955e+02 -7.1869931385070311e+02 
-1.0457272516264011e+03 -6.0795593343310952e+02 -5.3956241087563671e+02 -2.6690591478641551e+02 -4.5331206684525483e+02 -8.9803910877592693e+02 -3.8027763512777169e+03 -7.5778415431930807e+02 -7.9703512079122720e+02 -2.9495124537655590e+02 -7.4428118223754632e+02 -7.6739676745189411e+02 
-4.1831992802284083e+02 -6.8072645260485911e+02 -3.2729744312157698e+02 -1.7196402503249286e+02 -6.5108451511236706e+02 -4.5344298720877487e+02 -7.5778415431930807e+02 -3.4078090073665171e+03 -3.0609522622446724e+02 -5.3072070805480189e+02 -4.6222286092730025e+02 -4.3136069250344491e+02 
-2.3203333185151607e+02 -5.4107922426167704e+02 -2.7142695295801587e+02 -1.8758288660405509e+02 -4.5709336987078893e+02 -3.0542059252038007e+02 -7.9703512079122720e+02 -3.0609522622446724e+02 -2.3465795871735222e+03 -4.0377548608138960e+02 -3.4357260494351539e+02 -3.1607039840731392e+02 
-5.0186642591633762e+02 -3.1155326536871564e+02 -5.6915210459993159e+02 -1.4097485884539560e+02 -2.7266902249182147e+02 -4.3574400371282013e+02 -2.9495124537655590e+02 -5.3072070805480189e+02 -4.0377548608138960e+02 -2.3611410386068169e+03 -3.8026390066873341e+02 -3.7262613353904487e+02 
-4.7059585179347312e+02 -8.6634819478116231e+02 -3.7793973620233288e+02 -5.6771389872210523e+02 -9.1770331051645110e+02 -5.1595019312898955e+02 -7.4428118223754632e+02 -4.6222286092730025e+02 -3.4357260494351539e+02 -3.8026390066873341e+02 -3.9665842156297945e+03 -4.4472208461150899e+02 
-4.1911000325095614e+02 -5.2133236326706253e+02 -7.3609676215488844e+02 -2.6284453809625779e+02 -7.1547581704947117e+02 -7.1869931385070311e+02 -7.6739676745189411e+02 -4.3136069250344491e+02 -3.1607039840731392e+02 -3.7262613353904487e+02 -4.4472208461150899e+02 -3.7969238605991131e+03 

# Q_basis
$ g1 = 4
$ g2 = 8
0 0 0 0 0 0 0 0 0 0 0 0 
0 0 0 0 0 0 0 0 0 0 0 0 
0 0 0 0 0 0 0 0 0 0 0 0 
0 0 0 0 0 0 0 0 0 0 0 0 
0 0 0 0 0 0 0 0 0 0 0 0 
0 0 0 0 0 0 0 0 0 0 0 0 
0 0 0 0 0 0 0 0 0 0 0 0 
0 0 0 0 0 0 0 0 0 0 0 0 
0 0 0 0 0 0 0 0 0 0 0 0 
0 0 0 0 0 0 0 0 0 0 0 0 
0 0 0 0 0 0 0 0 0 0 0 0 
0 0 0 0 0 0 0 0 0 0 0 0 

# Q_basis
$ g1 = 4
$ g2 = 9
0 3.5716284036561041e+02 0 0 3.8268397911535635e+02 0 0 0 0 0 0 0 
3.5716284036561041e+02 0 5.0907605460593226e+02 0 0 2.5179232539454517e+02 0 0 0 0 0 0 
0 5.0907605460593226e+02 0 1.2139957691468652e+02 0 0 7.8674481154659600e+02 0 0 0 0 0 
0 0 1.2139957691468652e+02 0 0 0 0 6.0190777898005661e+02 0 0 0 0 
3.8268397911535635e+02 0 0 0 0 6.4948653265970859e+02 0 0 6.7502238415085867e+02 0 0 0 
0 2.5179232539454517e+02 0 0 6.4948653265970859e+02 0 4.2280598007652537e+02 0 0 3.5755195933304987e+02 0 0 
0 0 7.8674481154659600e+02 0 0 4.2280598007652537e+02 0 4.5607000303192086e+02 0 0 7.2283686801237877e+02 0 
0 0 0 6.0190777898005661e+02 0 0 4.5607000303192086e+02 0 0 0 0 3.7934554252203446e+02 
0 0 0 0 6.7502238415085867e+02 0 0 0 0 9.3211658593196830e+01 0 0 
0 0 0 0 0 3.5755195933304987e+02 0 0 9.3211658593196830e+01 0 4.1831783926043039e+02 0 
0 0 0 0 0 0 7.2283686801237877e+02 0 0 4.1831783926043039e+02 0 4.1782760353920230e+02 
0 0 0 0 0 0 0 3.7934554252203446e+02 0 0 4.1782760353920230e+02 0 

# Q_basis
$ g1 = 5
$ g2 = 0
0 0 0 0 0 0 0 0 0 0 0 0 
0 0 0 0 0 0 0 0 0 0 0 0 
0 0 0 0 0 0 0 0 0 0 0 0 
0 0 0 0 0 0 0 0 0 0 0 0 
0 0 0 0 0 0 0 0 0 0 0 0 
0 0 0 0 0 0 0 0 0 0 0 0 
0 0 0 0 0 0 0 0 0 0 0 0 
0 0 0 0 0 0 0 0 0 0 0 0 
0 0 0 0 0 0 0 0 0 0 0 0 
0 0 0 0 0 0 0 0 0 0 0 0 
0 0 0 0 0 0 0 0 0 0 0 0 
0 0 0 0 0 0 0 0 0 0 0 0 

# Q_basis
$ g1 = 5
$ g2 = 1
0 5.9527140060935082e+00 0 0 6.3780663185892710e+00 0 0 0 0 0 0 0 
5.9527140060935082e+00 0 8.4846009100988695e+00 0 0 4.1965387565757526e+00 0 0 0 0 0 0 
0 8.4846009100988695e+00 0 2.0233262819114421e+00 0 0 1.3112413525776603e+01 0 0 0 0 0 
0 0 2.0233262819114421e+00 0 0 0 0 1.0031796316334276e+01 0 0 0 0 
6.3780663185892710e+00 0 0 0 0 1.0824775544328478e+01 0 0 1.1250373069180975e+01 0 0 0 
0 4.1965387565757526e+00 0 0 1.0824775544328478e+01 0 7.0467663346087548e+00 0 0 5.9591993222174970e+00 0 0 
0 0 1.3112413525776603e+01 0 0 7.0467663346087548e+00 0 7.6011667171986810e+00 0 0 1.2047281133539645e+01 0 
0 0 0 1.0031796316334276e+01 0 0 7.6011667171986810e+00 0 0 0 0 6.3224257087005746e+00 
0 0 0 0 1.1250373069180975e+01 0 0 0 0 1.5535276432199474e+00 0 0 
0 0 0 0 0 5.9591993222174970e+00 0 0 1.5535276432199474e+00 0 6.9719639876738384e+00 0 
0 0 0 0 0 0 1.2047281133539645e+01 0 0 6.9719639876738384e+00 0 6.9637933923200368e+00 
0 0 0 0 0 0 0 6.3224257087005746e+00 0 0 6.9637933923200368e+00 0 

# Q_basis
$ g1 = 5
$ g2 = 2
0 0 0 0 0 0 0 0 0 0 0 0 
0 0 0 0 0 0 0 0 0 0 0 0 
0 0 0 0 0 0 0 0 0 0 0 0 
0 0 0 0 0 0 0 0 0 0 0 0 
0 0 0 0 0 0 0 0 0 0 0 0 
0 0 0 0 0 0 0 0 0 0 0 0 
0 0 0 0 0 0 0 0 0 0 0 0 
0 0 0 0 0 0 0 0 0 0 0 0 
0 0 0 0 0 0 0 0 0 0 0 0 
0 0 0 0 0 0 0 0 0 0 0 0 
0 0 0 0 0 0 0 0 0 0 0 0 
0 0 0 0 0 0 0 0 0 0 0 0 

# Q_basis
$ g1 = 5
$ g2 = 3
0 -2.4644445388997596e+01 -2.9209418741992557e+01 -1.0093909998501239e+01 -1.1396488030771625e+01 -5.6793519541057847e+01 -1.2584719127275781e+01 -2.4510210953208674e+01 -4.6767863439064328e+01 -9.3995884041556046e+00 -2.9224139033541050e+01 -3.4675382663597460e+01 
-2.4644445388997596e+01 0 -1.0762319247487326e+01 -1.0842769394448222e+01 -2.8244717759973611e+01 -2.1604076976899147e+01 -4.3373942019338720e+01 -1.5907230841662393e+01 -1.8710115373650236e+01 -1.2352375460746785e+01 -1.8966590154725552e+01 -2.2504470386070402e+01 
-2.9209418741992557e+01 -1.0762319247487326e+01 0 -4.4080473366129702e+00 -4.9768879173921325e+00 -4.6538524810780629e+01 -5.4957927739842329e+00 -4.0695508183431031e+01 -1.2589710763603101e+01 -4.1048345622606535e+00 -5.2254521197869785e+01 -1.5142866165737745e+01 
-1.0093909998501239e+01 -1.0842769394448222e+01 -4.4080473366129702e+00 0 -3.0294162601245969e+00 -8.8486312093218746e+00 -2.9041283833957138e+01 -6.5153081721533628e+00 -7.6633179469932307e+00 -2.4986000839154672e+00 -7.7683652838756956e+00 -2.5073737465952124e+01 
-1.1396488030771625e+01 -2.8244717759973611e+01 -4.9768879173921325e+00 -3.0294162601245969e+00 0 -9.9905110785337286e+00 -2.2846881761525250e+01 -7.3560821932986684e+00 -8.6522379605002797e+00 -2.3317224424272055e+01 -8.7708412289684148e+00 -1.0406885744249962e+01 
-5.6793519541057847e+01 -2.1604076976899147e+01 -4.6538524810780629e+01 -8.8486312093218746e+00 -9.9905110785337286e+00 0 -1.1032150915422962e+01 -3.4877314383487935e+01 -5.8032484327738104e+01 -8.2399675963170882e+00 -5.7229201487674914e+01 -3.0397504364299444e+01 
-1.2584719127275781e+01 -4.3373942019338720e+01 -5.4957927739842329e+00 -2.9041283833957138e+01 -2.2846881761525250e+01 -1.1032150915422962e+01 0 -8.1230487874737491e+00 -9.5543455370853483e+00 -3.4611737370897188e+01 -9.6853147284027301e+00 -4.4480085174273782e+01 
-2.4510210953208674e+01 -1.5907230841662393e+01 -4.0695508183431031e+01 -6.5153081721533628e+00 -7.3560821932986684e+00 -3.4877314383487935e+01 -8.1230487874737491e+00 0 -1.8608204304397734e+01 -6.0671449570648237e+00 -5.2763646797163425e+01 -2.2381892059095701e+01 
-4.6767863439064328e+01 -1.8710115373650236e+01 -1.2589710763603101e+01 -7.6633179469932307e+00 -8.6522379605002797e+00 -5.8032484327738104e+01 -9.5543455370853483e+00 -1.8608204304397734e+01 0 -7.1361875153048269e+00 -2.4894813228089042e+01 -2.6325624294674729e+01 
-9.3995884041556046e+00 -1.2352375460746785e+01 -4.1048345622606535e+00 -2.4986000839154672e+00 -2.3317224424272055e+01 -8.2399675963170882e+00 -3.4611737370897188e+01 -6.0671449570648237e+00 -7.1361875153048269e+00 0 -7.2340090462868210e+00 -2.0721214024797337e+01 
-2.9224139033541050e+01 -1.8966590154725552e+01 -5.2254521197869785e+01 -7.7683652838756956e+00 -8.7708412289684148e+00 -5.7229201487674914e+01 -9.6853147284027301e+00 -5.2763646797163425e+01 -2.4894813228089042e+01 -7.2340090462868210e+00 0 -2.6686491055397994e+01 
-3.4675382663597460e+01 -2.2504470386070402e+01 -1.5142866165737745e+01 -2.5073737465952124e+01 -1.0406885744249962e+01 -3.0397504364299444e+01 -4.4480085174273782e+01 -2.2381892059095701e+01 -2.6325624294674729e+01 -2.0721214024797337e+01 -2.6686491055397994e+01 0 

# Q_basis
$ g1 = 5
$ g2 = 4
0 0 0 0 0 0 0 0 0 0 0 0 
0 0 0 0 0 0 0 0 0 0 0 0 
0 0 0 0 0 0 0 0 0 0 0 0 
0 0 0 0 0 0 0 0 0 0 0 0 
0 0 0 0 0 0 0 0 0 0 0 0 
0 0 0 0 0 0 0 0 0 0 0 0 
0 0 0 0 0 0 0 0 0 0 0 0 
0 0 0 0 0 0 0 0 0 0 0 0 
0 0 0 0 0 0 0 0 0 0 0 0 
0 0 0 0 0 0 0 0 0 0 0 0 
0 0 0 0 0 0 0 0 0 0 0 0 
0 0 0 0 0 0 0 0 0 0 0 0 

# Q_basis
$ g1 = 5
$ g2 = 5
1.7600000000000000e+02 0 0 0 0 0 0 0 0 0 0 0 
0 1.7600000000000000e+02 0 0 0 0 0 0 0 0 0 0 
0 0 1.7600000000000000e+02 0 0 0 0 0 0 0 0 0 
0 0 0 1.7600000000000000e+02 0 0 0 0 0 0 0 0 
0 0 0 0 1.7600000000000000e+02 0 0 0 0 0 0 0 
0 0 0 0 0 1.7600000000000000e+02 0 0 0 0 0 0 
0 0 0 0 0 0 1.7600000000000000e+02 0 0 0 0 0 
0 0 0 0 0 0 0 1.7600000000000000e+02 0 0 0 0 
0 0 0 0 0 0 0 0 1.7600000000000000e+02 0 0 0 
0 0 0 0 0 0 0 0 0 1.7600000000000000e+02 0 0 
0 0 0 0 0 0 0 0 0 0 1.7600000000000000e+02 0 
0 0 0 0 0 0 0 0 0 0 0 1.7600000000000000e+02 

# Q_basis
$ g1 = 5
$ g2 = 6
0 6.7165170941707731e+02 1.8387957306977168e+02 1.3623735699084827e+02 8.5649436634334916e+02 2.1142665933162453e+02 5.2286362581320054e+02 2.0915996401142041e+02 1.1601666592575801e+02 2.5093321295816881e+02 2.3529792589673659e+02 2.0955500162547810e+02 
6.7165170941707731e+02 0 8.7521329123179123e+02 1.1849028331091483e+02 2.8257430422287717e+02 6.6791832533975071e+02 3.0397796671655476e+02 3.4036322630242955e+02 2.7053961213083846e+02 1.5577663268435779e+02 4.3317409739058110e+02 2.6066618163353127e+02 
1.8387957306977168e+02 8.7521329123179123e+02 0 3.5058738819364794e+02 3.5629406719393893e+02 1.9053414128899388e+02 1.2862341152888953e+03 1.6364872156078852e+02 1.3571347647900797e+02 2.8457605229996580e+02 1.8896986810116647e+02 3.6804838107744428e+02 
1.3623735699084827e+02 1.1849028331091483e+02 3.5058738819364794e+02 0 1.2384144237223424e+02 2.0354699128335693e+02 1.3345295739320773e+02 9.1708764593180638e+02 9.3791443302027531e+01 7.0487429422697787e+01 2.8385694936105261e+02 1.3142226904812887e+02 
8.5649436634334916e+02 2.8257430422287717e+02 3.5629406719393893e+02 1.2384144237223424e+02 0 1.1598162930600022e+03 2.2665603342262739e+02 3.2554225755618359e+02 1.1364360295459239e+03 1.3633451124591070e+02 4.5885165525822549e+02 3.5773790852473559e+02 
